85 113 135 1
88 111 135 1
88 118 129 1
90 110 139 1
97 113 142 1
95 110 144 1
83 115 143 1
98 120 137 1
91 111 143 1
87 116 134 1
82 116 146 1
89 117 146 1
85 117 143 1
80 116 143 1
91 114 145 1
87 119 147 1
94 117 143 1
93 109 137 1
80 114 134 1
90 111 135 1
88 115 130 1
88 118 142 1
91 115 139 1
83 121 149 1
89 118 147 1
93 116 140 1
94 112 140 1
86 112 135 1
99 108 151 1
88 113 137 1
89 113 144 1
94 116 149 1
97 114 140 1
91 116 146 1
89 118 147 1
92 110 122 1
81 119 124 1
89 113 137 1
89 113 135 1
89 113 146 1
91 118 143 1
89 116 130 1
86 118 146 1
93 115 144 1
88 109 138 1
80 112 122 1
89 113 133 1
90 116 139 1
90 120 144 1
94 116 138 1
82 116 127 1
91 119 141 1
92 120 142 1
90 111 133 1
86 117 124 1
98 110 136 1
84 121 129 1
84 112 134 1
93 120 138 1
97 115 134 1
91 120 137 1
99 115 139 1
82 115 135 1
89 116 148 1
81 115 143 1
86 116 138 1
82 113 145 1
86 114 148 1
94 118 139 1
92 120 144 1
94 117 141 1
84 117 138 1
88 109 136 1
85 112 141 1
85 121 136 1
84 122 139 1
76 116 125 1
84 116 144 1
94 116 149 1
93 115 146 1
90 116 139 1
85 114 129 1
86 107 132 1
90 114 136 1
86 115 144 1
93 116 140 1
100 113 147 1
89 121 135 1
93 123 133 1
90 109 141 1
88 112 133 1
91 116 144 1
81 117 135 1
95 118 144 1
89 115 138 1
94 115 151 1
87 121 150 1
93 114 150 1
88 111 139 1
87 108 133 1
96 109 141 1
88 119 138 1
99 116 152 1
86 116 140 1
89 113 144 1
87 114 155 1
86 119 144 1
85 113 135 1
92 111 137 1
90 110 137 1
93 115 135 1
103 114 146 1
92 122 134 1
94 115 142 1
96 111 147 1
92 119 146 1
94 112 117 1
83 111 120 1
86 111 125 1
84 117 128 1
84 115 139 1
78 117 131 1
88 114 135 1
83 120 144 1
93 116 131 1
88 109 136 1
80 117 129 1
86 112 137 1
82 115 131 1
82 113 130 1
82 119 132 1
88 114 133 1
88 112 143 1
89 120 137 1
91 111 127 1
88 113 125 1
91 111 129 1
84 114 143 1
84 116 130 1
91 117 140 1
87 115 140 1
87 113 148 1
91 118 143 1
87 109 131 1
75 114 126 1
84 106 122 1
83 109 130 1
82 113 132 1
82 112 127 1
89 117 146 1
87 117 143 1
90 111 135 1
84 107 138 1
80 111 128 1
81 104 132 1
86 111 139 1
91 109 141 1
82 108 129 1
88 111 139 1
86 112 147 1
81 106 132 1
83 104 124 1
85 94 123 1
74 97 123 1
75 106 136 1
79 105 130 1
78 100 131 1
92 105 128 1
87 104 137 1
86 101 121 1
90 97 124 1
73 105 119 1
79 94 125 1
82 106 128 1
86 99 131 1
78 98 128 1
92 99 128 1
73 104 139 1
89 99 125 1
82 101 124 1
91 95 128 1
71 97 122 1
83 104 128 1
81 102 127 1
81 103 123 1
80 108 135 1
86 99 143 1
81 99 127 1
83 102 138 1
79 101 123 1
78 101 123 1
93 108 130 1
81 104 132 1
76 97 117 1
95 106 134 1
85 104 128 1
81 103 125 1
84 108 132 1
77 110 122 1
83 104 126 1
88 113 127 1
90 111 133 1
80 108 133 1
98 111 143 1
92 111 146 1
90 112 129 1
84 112 132 1
82 112 127 1
84 110 133 1
78 115 139 1
84 115 137 1
95 113 139 1
84 115 148 1
91 115 150 1
89 118 140 1
96 108 133 1
88 113 127 1
81 110 132 1
81 118 130 1
88 117 137 1
88 114 135 1
83 118 124 1
89 120 150 1
88 117 139 1
90 110 139 1
77 114 140 1
88 111 135 1
84 115 137 1
95 110 144 1
86 115 144 1
95 116 145 1
88 113 155 1
94 113 152 1
93 108 141 1
90 109 143 1
87 116 136 1
87 114 146 1
97 112 150 1
89 119 143 1
89 118 147 1
93 114 148 1
94 113 150 1
86 112 137 1
91 111 141 1
84 115 139 1
82 118 138 1
84 116 142 1
85 121 138 1
91 115 137 1
98 120 156 1
100 120 141 1
90 113 144 1
86 113 133 1
88 112 145 1
91 117 138 1
91 117 151 1
91 118 143 1
93 115 146 1
94 114 159 1
98 123 151 1
84 111 138 1
88 117 135 1
85 110 140 1
93 114 137 1
91 113 147 1
92 114 134 1
93 113 145 1
87 121 150 1
97 120 149 1
97 114 140 1
80 117 137 1
91 115 139 1
88 119 140 1
91 112 153 1
91 119 141 1
103 113 139 1
86 119 144 1
92 117 147 1
89 113 135 1
86 115 144 1
100 108 144 1
85 112 141 1
97 115 154 1
91 116 144 1
93 116 142 1
94 117 143 1
95 120 146 1
87 110 136 1
95 113 130 1
92 113 140 1
91 118 143 1
85 118 141 1
89 115 138 1
102 115 133 1
103 119 148 1
87 118 135 1
94 107 141 1
86 114 137 1
91 117 140 1
86 113 133 1
94 116 149 1
82 121 135 1
87 119 147 1
89 119 145 1
90 121 140 1
90 110 139 1
88 113 129 1
92 113 140 1
86 115 133 1
87 117 132 1
82 119 130 1
87 115 138 1
90 114 138 1
87 117 141 1
89 112 139 1
86 113 129 1
96 111 145 1
80 114 145 1
88 118 144 1
89 113 144 1
94 116 147 1
89 120 148 1
89 122 140 1
93 112 149 1
78 113 135 1
90 115 143 1
97 118 142 1
97 113 153 1
89 113 144 1
92 116 149 1
80 118 151 1
91 120 152 1
84 110 142 1
88 115 126 1
88 113 137 1
85 110 138 1
89 118 140 1
85 113 133 1
92 119 146 1
87 119 147 1
91 119 139 1
85 112 128 1
79 115 119 1
84 115 120 1
86 117 132 1
81 124 128 1
81 120 130 1
97 115 132 1
82 119 132 1
95 117 139 1
84 110 133 1
88 117 137 1
91 112 135 1
88 114 135 1
87 117 141 1
91 112 137 1
91 115 139 1
92 111 146 1
92 119 135 1
105 104 137 1
98 110 138 1
91 111 139 1
90 115 134 1
94 114 146 1
89 120 137 1
96 112 143 1
91 117 138 1
91 117 138 1
92 112 133 1
80 114 132 1
88 109 136 1
88 111 137 1
87 114 144 1
88 111 137 1
92 114 132 1
90 114 138 1
92 120 140 1
88 110 143 1
85 113 135 1
84 107 136 1
80 118 133 1
88 117 148 1
89 113 146 1
89 118 138 1
87 119 149 1
97 116 148 1
89 105 136 1
84 114 141 1
84 108 143 1
86 111 143 1
82 114 137 1
89 117 146 1
93 114 137 1
80 115 149 1
83 120 146 1
99 108 135 1
86 114 137 1
87 111 130 1
84 111 138 1
92 112 144 1
81 110 132 1
80 111 130 1
83 113 141 1
87 116 136 1
90 107 140 1
86 113 129 1
87 110 136 1
86 118 130 1
87 114 144 1
92 112 142 1
88 116 143 1
88 122 152 1
97 115 143 1
91 111 131 1
85 112 139 1
92 113 136 1
89 115 136 1
87 115 151 1
76 114 133 1
87 115 149 1
91 118 145 1
82 120 139 1
90 107 129 1
90 109 132 1
81 111 135 1
91 115 139 1
86 113 143 1
90 115 132 1
96 111 145 1
88 118 144 1
99 114 143 1
82 111 131 1
79 114 127 1
86 101 132 1
87 107 137 1
87 109 138 1
86 115 135 1
84 119 139 1
95 118 146 1
96 113 137 1
99 106 147 1
86 108 137 1
82 110 137 1
82 113 141 1
83 115 143 1
79 118 144 1
97 112 132 1
86 109 150 1
86 115 146 1
84 108 130 1
86 109 131 1
88 110 132 1
91 109 141 1
88 117 137 1
86 115 142 1
88 113 137 1
95 115 149 1
93 115 135 1
84 106 140 1
87 106 129 1
82 107 133 1
92 108 134 1
82 115 131 1
82 113 134 1
88 114 135 1
89 117 142 1
84 118 134 1
81 108 138 1
83 110 126 1
89 107 133 1
97 109 144 1
88 112 143 1
86 113 133 1
97 115 143 1
92 116 149 1
88 117 137 1
92 111 139 1
87 110 125 1
81 107 128 1
84 112 134 1
78 112 141 1
79 114 127 1
99 115 139 1
93 113 147 1
82 114 139 1
87 107 139 1
83 109 132 1
84 101 138 1
77 115 134 1
90 110 139 1
80 115 135 1
86 112 135 1
84 113 149 1
91 111 139 1
93 107 132 1
81 105 138 1
78 101 123 1
83 116 135 1
86 113 143 1
84 103 126 1
87 117 130 1
95 109 150 1
79 109 133 1
78 103 133 1
76 106 130 1
82 101 122 1
91 111 131 1
82 113 134 1
80 104 123 1
82 116 127 1
76 112 141 1
74 110 130 1
90 102 141 1
79 108 128 1
80 105 119 1
86 113 129 1
83 107 131 1
79 106 122 1
96 112 141 1
80 113 136 1
83 104 124 1
78 104 125 1
84 96 120 1
80 96 123 1
84 111 136 1
82 113 134 1
83 102 125 1
93 109 137 1
82 107 135 1
78 107 124 1
89 107 135 1
87 105 131 1
77 96 121 1
90 107 140 1
88 103 137 1
88 93 119 1
86 109 131 1
86 105 142 1
80 102 122 1
91 100 128 1
73 97 118 1
66 90 109 1
85 106 131 1
83 101 129 1
76 95 118 1
88 109 136 1
82 101 124 1
86 94 117 1
85 101 127 1
77 97 117 1
68 92 114 1
83 108 123 1
77 104 122 1
78 94 118 1
88 109 138 1
79 99 131 1
79 94 116 1
83 98 132 1
71 99 121 1
69 91 125 1
90 110 137 1
76 106 134 1
87 88 126 1
94 110 125 1
87 100 136 1
74 95 120 1
89 104 151 1
78 105 123 1
67 98 119 1
90 111 133 1
88 103 139 1
76 101 120 1
88 111 137 1
83 107 140 1
81 102 127 1
100 102 142 1
74 103 125 1
77 96 131 1
82 112 138 1
86 109 133 1
81 99 127 1
89 113 137 1
83 113 137 1
84 104 120 1
90 105 143 1
84 102 144 1
77 104 133 1
85 113 133 1
85 111 143 1
80 102 133 1
96 112 143 1
87 114 146 1
83 104 143 1
88 104 146 1
82 106 139 1
76 101 127 1
88 112 145 1
88 110 143 1
79 102 126 1
88 107 148 1
87 107 150 1
84 104 134 1
84 110 133 1
83 100 135 1
76 97 121 1
79 110 147 1
88 108 142 1
81 104 130 1
84 116 153 1
82 112 147 1
81 103 136 1
82 105 143 1
81 108 140 1
74 97 133 1
91 109 151 1
83 106 146 1
78 103 133 1
91 109 151 1
89 110 149 1
90 110 139 1
89 106 139 1
75 104 137 1
74 101 131 1
86 111 151 1
84 110 142 1
82 109 141 1
84 117 149 1
81 112 161 1
85 111 145 1
86 104 146 1
79 108 137 1
81 101 133 1
81 110 143 1
82 110 148 1
84 110 142 1
90 111 150 1
86 115 146 1
82 109 141 1
92 105 139 1
76 108 136 1
80 102 135 1
88 107 146 1
88 109 145 1
87 105 131 1
86 115 142 1
82 111 154 1
84 113 145 1
82 105 143 1
81 105 138 1
83 108 136 1
88 109 145 1
79 110 143 1
80 109 138 1
84 113 147 1
88 107 158 1
88 115 149 1
82 108 145 1
91 100 143 1
78 104 136 1
80 114 145 1
86 110 145 1
88 113 141 1
87 113 148 1
89 111 154 1
94 115 151 1
82 108 145 1
91 100 143 1
78 104 136 1
80 114 145 1
86 110 145 1
88 113 141 1
87 113 148 1
89 111 154 1
94 115 151 1
82 108 145 1
91 100 143 1
78 104 136 1
80 114 145 1
86 110 145 1
88 113 141 1
87 113 148 1
89 111 154 1
94 115 151 1
82 108 145 1
91 100 143 1
78 104 136 1
80 114 145 1
86 110 145 1
88 113 141 1
87 113 148 1
89 111 154 1
94 115 151 1
82 108 145 1
91 100 143 1
78 104 136 1
80 114 145 1
86 110 145 1
88 113 141 1
87 113 148 1
89 111 154 1
94 115 151 1
82 108 145 1
91 100 143 1
78 104 136 1
80 114 145 1
86 110 145 1
88 113 141 1
87 113 148 1
89 111 154 1
94 115 151 1
82 108 145 1
91 100 143 1
78 104 136 1
80 114 145 1
86 110 145 1
88 113 141 1
87 113 148 1
89 111 154 1
94 115 151 1
82 108 145 1
91 100 143 1
78 104 136 1
80 114 145 1
86 110 145 1
88 113 141 1
87 113 148 1
89 111 154 1
94 115 151 1
82 108 145 1
91 100 143 1
78 104 136 1
80 114 145 1
86 110 145 1
88 113 141 1
87 113 148 1
89 111 154 1
94 115 151 1
82 108 145 1
91 100 143 1
78 104 136 1
80 114 145 1
86 110 145 1
88 113 141 1
87 113 148 1
89 111 154 1
94 115 151 1
82 108 145 1
91 100 143 1
78 104 136 1
80 114 145 1
86 110 145 1
88 113 141 1
87 113 148 1
89 111 154 1
94 115 151 1
82 108 145 1
91 100 143 1
78 104 136 1
80 114 145 1
86 110 145 1
88 113 141 1
87 113 148 1
89 111 154 1
94 115 151 1
82 108 145 1
91 100 143 1
78 104 136 1
80 114 145 1
86 110 145 1
88 113 141 1
87 113 148 1
89 111 154 1
94 115 151 1
82 108 145 1
91 100 143 1
78 104 136 1
80 114 145 1
86 110 145 1
88 113 141 1
87 113 148 1
89 111 154 1
94 115 151 1
82 108 145 1
91 100 143 1
78 104 136 1
80 114 145 1
86 110 145 1
88 113 141 1
87 113 148 1
89 111 154 1
94 115 151 1
82 108 145 1
91 100 143 1
78 104 136 1
80 114 145 1
86 110 145 1
88 113 141 1
87 113 148 1
89 111 154 1
94 115 151 1
82 108 145 1
91 100 143 1
78 104 136 1
80 114 145 1
86 110 145 1
88 113 141 1
87 113 148 1
89 111 154 1
94 115 151 1
82 108 145 1
91 100 143 1
78 104 136 1
80 114 145 1
86 110 145 1
88 113 141 1
87 113 148 1
89 111 154 1
94 115 151 1
82 108 145 1
91 100 143 1
78 104 136 1
80 114 145 1
86 110 145 1
88 113 141 1
87 113 148 1
89 111 154 1
94 115 151 1
82 108 145 1
91 100 143 1
78 104 136 1
80 114 145 1
86 110 145 1
88 113 141 1
87 113 148 1
89 111 154 1
94 115 151 1
82 108 145 1
91 100 143 1
78 104 136 1
80 114 145 1
86 110 145 1
88 113 141 1
87 113 148 1
89 111 154 1
94 115 151 1
82 108 145 1
91 100 143 1
78 104 136 1
80 114 145 1
86 110 145 1
88 113 141 1
87 113 148 1
89 111 154 1
94 115 151 1
82 108 145 1
91 100 143 1
78 104 136 1
80 114 145 1
86 110 145 1
88 113 141 1
87 113 148 1
89 111 154 1
94 115 151 1
82 108 145 1
91 100 143 1
78 104 136 1
80 114 145 1
86 110 145 1
88 113 141 1
87 113 148 1
89 111 154 1
94 115 151 1
82 108 145 1
91 100 143 1
78 104 136 1
80 114 145 1
86 110 145 1
88 113 141 1
87 113 148 1
89 111 154 1
94 115 151 1
82 108 145 1
91 100 143 1
78 104 136 1
80 114 145 1
86 110 145 1
88 113 141 1
87 113 148 1
89 111 154 1
94 115 151 1
82 108 145 1
91 100 143 1
78 104 136 1
80 114 145 1
86 110 145 1
88 113 141 1
87 113 148 1
89 111 154 1
94 115 151 1
82 108 145 1
91 100 143 1
78 104 136 1
80 114 145 1
86 110 145 1
88 113 141 1
87 113 148 1
89 111 154 1
94 115 151 1
82 108 145 1
91 100 143 1
78 104 136 1
80 114 145 1
86 110 145 1
88 113 141 1
87 113 148 1
89 111 154 1
94 115 151 1
82 108 145 1
91 100 143 1
78 104 136 1
80 114 145 1
86 110 145 1
88 113 141 1
87 113 148 1
89 111 154 1
94 115 151 1
82 108 145 1
91 100 143 1
78 104 136 1
80 114 145 1
86 110 145 1
88 113 141 1
87 113 148 1
89 111 154 1
94 115 151 1
82 108 145 1
91 100 143 1
78 104 136 1
80 114 145 1
86 110 145 1
88 113 141 1
87 113 148 1
89 111 154 1
94 115 151 1
82 108 145 1
91 100 143 1
78 104 136 1
80 114 145 1
86 110 145 1
88 113 141 1
87 113 148 1
89 111 154 1
94 115 151 1
82 108 145 1
91 100 143 1
78 104 136 1
80 114 145 1
86 110 145 1
88 113 141 1
87 113 148 1
89 111 154 1
94 115 151 1
82 108 145 1
91 100 143 1
78 104 136 1
80 114 145 1
86 110 145 1
88 113 141 1
87 113 148 1
89 111 154 1
94 115 151 1
82 108 145 1
91 100 143 1
78 104 136 1
80 114 145 1
86 110 145 1
88 113 141 1
87 113 148 1
89 111 154 1
94 115 151 1
82 108 145 1
91 100 143 1
78 104 136 1
80 114 145 1
86 110 145 1
88 113 141 1
87 113 148 1
89 111 154 1
94 115 151 1
82 108 145 1
91 100 143 1
78 104 136 1
80 114 145 1
86 110 145 1
88 113 141 1
87 113 148 1
89 111 154 1
94 115 151 1
82 108 145 1
91 100 143 1
78 104 136 1
80 114 145 1
86 110 145 1
88 113 141 1
87 113 148 1
89 111 154 1
94 115 151 1
82 108 145 1
91 100 143 1
78 104 136 1
80 114 145 1
86 110 145 1
88 113 141 1
87 113 148 1
89 111 154 1
94 115 151 1
82 108 145 1
91 100 143 1
78 104 136 1
80 114 145 1
86 110 145 1
88 113 141 1
87 113 148 1
89 111 154 1
94 115 151 1
82 108 145 1
91 100 143 1
78 104 136 1
80 114 145 1
86 110 145 1
88 113 141 1
87 113 148 1
89 111 154 1
94 115 151 1
82 108 145 1
91 100 143 1
78 104 136 1
80 114 145 1
86 110 145 1
88 113 141 1
87 113 148 1
89 111 154 1
94 115 151 1
82 108 145 1
91 100 143 1
78 104 136 1
80 114 145 1
86 110 145 1
88 113 141 1
87 113 148 1
89 111 154 1
94 115 151 1
82 108 145 1
91 100 143 1
78 104 136 1
80 114 145 1
86 110 145 1
88 113 141 1
87 113 148 1
89 111 154 1
94 115 151 1
82 108 145 1
91 100 143 1
78 104 136 1
80 114 145 1
86 110 145 1
88 113 141 1
87 113 148 1
89 111 154 1
94 115 151 1
82 108 145 1
91 100 143 1
78 104 136 1
80 114 145 1
86 110 145 1
88 113 141 1
87 113 148 1
89 111 154 1
94 115 151 1
82 108 145 1
91 100 143 1
78 104 136 1
80 114 145 1
86 110 145 1
88 113 141 1
87 113 148 1
89 111 154 1
94 115 151 1
82 108 145 1
91 100 143 1
78 104 136 1
80 114 145 1
86 110 145 1
88 113 141 1
87 113 148 1
89 111 154 1
94 115 151 1
82 108 145 1
91 100 143 1
78 104 136 1
80 114 145 1
86 110 145 1
88 113 141 1
87 113 148 1
89 111 154 1
94 115 151 1
82 108 145 1
91 100 143 1
78 104 136 1
80 114 145 1
86 110 145 1
88 113 141 1
87 113 148 1
89 111 154 1
94 115 151 1
82 108 145 1
91 100 143 1
78 104 136 1
80 114 145 1
86 110 145 1
88 113 141 1
87 113 148 1
89 111 154 1
94 115 151 1
82 108 145 1
91 100 143 1
78 104 136 1
80 114 145 1
86 110 145 1
88 113 141 1
87 113 148 1
89 111 154 1
94 115 151 1
82 108 145 1
91 100 143 1
78 104 136 1
80 114 145 1
86 110 145 1
88 113 141 1
87 113 148 1
89 111 154 1
94 115 151 1
82 108 145 1
91 100 143 1
78 104 136 1
80 114 145 1
86 110 145 1
88 113 141 1
87 113 148 1
89 111 154 1
94 115 151 1
82 108 145 1
91 100 143 1
78 104 136 1
80 114 145 1
86 110 145 1
88 113 141 1
87 113 148 1
89 111 154 1
94 115 151 1
82 108 145 1
91 100 143 1
78 104 136 1
80 114 145 1
86 110 145 1
88 113 141 1
87 113 148 1
89 111 154 1
94 115 151 1
82 108 145 1
91 100 143 1
78 104 136 1
80 114 145 1
86 110 145 1
88 113 141 1
87 113 148 1
89 111 154 1
94 115 151 1
82 108 145 1
91 100 143 1
78 104 136 1
80 114 145 1
86 110 145 1
88 113 141 1
87 113 148 1
89 111 154 1
94 115 151 1
82 108 145 1
91 100 143 1
78 104 136 1
80 114 145 1
86 110 145 1
88 113 141 1
87 113 148 1
89 111 154 1
94 115 151 1
82 108 145 1
91 100 143 1
78 104 136 1
80 114 145 1
86 110 145 1
88 113 141 1
87 113 148 1
89 111 154 1
94 115 151 1
82 108 145 1
91 100 143 1
78 104 136 1
80 114 145 1
86 110 145 1
88 113 141 1
87 113 148 1
89 111 154 1
94 115 151 1
82 108 145 1
91 100 143 1
78 104 136 1
80 114 145 1
86 110 145 1
88 113 141 1
87 113 148 1
89 111 154 1
94 115 151 1
82 108 145 1
91 100 143 1
78 104 136 1
80 114 145 1
86 110 145 1
88 113 141 1
87 113 148 1
89 111 154 1
94 115 151 1
82 108 145 1
91 100 143 1
78 104 136 1
80 114 145 1
86 110 145 1
88 113 141 1
87 113 148 1
89 111 154 1
94 115 151 1
82 108 145 1
91 100 143 1
78 104 136 1
80 114 145 1
86 110 145 1
88 113 141 1
87 113 148 1
89 111 154 1
94 115 151 1
82 108 145 1
91 100 143 1
78 104 136 1
80 114 145 1
86 110 145 1
88 113 141 1
87 113 148 1
89 111 154 1
94 115 151 1
82 108 145 1
91 100 143 1
78 104 136 1
80 114 145 1
86 110 145 1
88 113 141 1
87 113 148 1
89 111 154 1
94 115 151 1
82 108 145 1
91 100 143 1
78 104 136 1
80 114 145 1
86 110 145 1
88 113 141 1
87 113 148 1
89 111 154 1
94 115 151 1
82 108 145 1
91 100 143 1
78 104 136 1
80 114 145 1
86 110 145 1
88 113 141 1
87 113 148 1
89 111 154 1
94 115 151 1
82 108 145 1
91 100 143 1
78 104 136 1
80 114 145 1
86 110 145 1
88 113 141 1
87 113 148 1
89 111 154 1
94 115 151 1
82 108 145 1
91 100 143 1
78 104 136 1
80 114 145 1
86 110 145 1
88 113 141 1
87 113 148 1
89 111 154 1
94 115 151 1
82 108 145 1
91 100 143 1
78 104 136 1
80 114 145 1
86 110 145 1
88 113 141 1
87 113 148 1
89 111 154 1
94 115 151 1
82 108 145 1
91 100 143 1
78 104 136 1
80 114 145 1
86 110 145 1
88 113 141 1
87 113 148 1
89 111 154 1
94 115 151 1
82 108 145 1
91 100 143 1
78 104 136 1
80 114 145 1
86 110 145 1
88 113 141 1
87 113 148 1
89 111 154 1
94 115 151 1
82 108 145 1
91 100 143 1
78 104 136 1
80 114 145 1
86 110 145 1
88 113 141 1
87 113 148 1
89 111 154 1
94 115 151 1
82 108 145 1
91 100 143 1
78 104 136 1
80 114 145 1
86 110 145 1
88 113 141 1
87 113 148 1
89 111 154 1
94 115 151 1
82 108 145 1
91 100 143 1
78 104 136 1
80 114 145 1
86 110 145 1
88 113 141 1
87 113 148 1
89 111 154 1
94 115 151 1
82 108 145 1
91 100 143 1
78 104 136 1
80 114 145 1
86 110 145 1
88 113 141 1
87 113 148 1
89 111 154 1
94 115 151 1
82 108 145 1
91 100 143 1
78 104 136 1
80 114 145 1
86 110 145 1
88 113 141 1
87 113 148 1
89 111 154 1
94 115 151 1
82 108 145 1
91 100 143 1
78 104 136 1
80 114 145 1
86 110 145 1
88 113 141 1
87 113 148 1
89 111 154 1
94 115 151 1
82 108 145 1
91 100 143 1
78 104 136 1
80 114 145 1
86 110 145 1
88 113 141 1
87 113 148 1
89 111 154 1
94 115 151 1
82 108 145 1
91 100 143 1
78 104 136 1
80 114 145 1
86 110 145 1
88 113 141 1
87 113 148 1
89 111 154 1
94 115 151 1
82 108 145 1
91 100 143 1
78 104 136 1
80 114 145 1
86 110 145 1
88 113 141 1
87 113 148 1
89 111 154 1
94 115 151 1
82 108 145 1
91 100 143 1
78 104 136 1
80 114 145 1
86 110 145 1
88 113 141 1
87 113 148 1
89 111 154 1
94 115 151 1
82 108 145 1
91 100 143 1
78 104 136 1
80 114 145 1
86 110 145 1
88 113 141 1
87 113 148 1
89 111 154 1
94 115 151 1
82 108 145 1
91 100 143 1
78 104 136 1
80 114 145 1
86 110 145 1
88 113 141 1
87 113 148 1
89 111 154 1
94 115 151 1
82 108 145 1
91 100 143 1
78 104 136 1
80 114 145 1
86 110 145 1
88 113 141 1
87 113 148 1
89 111 154 1
94 115 151 1
82 108 145 1
91 100 143 1
78 104 136 1
80 114 145 1
86 110 145 1
88 113 141 1
87 113 148 1
89 111 154 1
94 115 151 1
82 108 145 1
91 100 143 1
78 104 136 1
80 114 145 1
86 110 145 1
88 113 141 1
87 113 148 1
89 111 154 1
94 115 151 1
82 108 145 1
91 100 143 1
78 104 136 1
80 114 145 1
86 110 145 1
88 113 141 1
87 113 148 1
89 111 154 1
94 115 151 1
82 108 145 1
91 100 143 1
78 104 136 1
80 114 145 1
86 110 145 1
88 113 141 1
87 113 148 1
89 111 154 1
94 115 151 1
82 108 145 1
91 100 143 1
78 104 136 1
80 114 145 1
86 110 145 1
88 113 141 1
87 113 148 1
89 111 154 1
94 115 151 1
82 108 145 1
91 100 143 1
78 104 136 1
80 114 145 1
86 110 145 1
88 113 141 1
87 113 148 1
89 111 154 1
94 115 151 1
82 108 145 1
91 100 143 1
78 104 136 1
80 114 145 1
86 110 145 1
88 113 141 1
87 113 148 1
89 111 154 1
94 115 151 1
82 108 145 1
91 100 143 1
78 104 136 1
80 114 145 1
86 110 145 1
88 113 141 1
87 113 148 1
89 111 154 1
94 115 151 1
82 108 145 1
91 100 143 1
78 104 136 1
80 114 145 1
86 110 145 1
88 113 141 1
87 113 148 1
89 111 154 1
94 115 151 1
82 108 145 1
91 100 143 1
78 104 136 1
80 114 145 1
86 110 145 1
88 113 141 1
87 113 148 1
89 111 154 1
94 115 151 1
82 108 145 1
91 100 143 1
78 104 136 1
80 114 145 1
86 110 145 1
88 113 141 1
87 113 148 1
89 111 154 1
94 115 151 1
82 108 145 1
91 100 143 1
78 104 136 1
80 114 145 1
86 110 145 1
88 113 141 1
87 113 148 1
89 111 154 1
94 115 151 1
82 108 145 1
91 100 143 1
78 104 136 1
80 114 145 1
86 110 145 1
88 113 141 1
87 113 148 1
89 111 154 1
94 115 151 1
