80 124 82 1
64 113 76 1
63 111 68 1
71 123 82 1
69 115 86 1
57 114 70 1
75 126 93 1
67 120 77 1
66 112 78 1
79 133 97 1
69 122 90 1
69 118 79 1
82 136 97 1
72 126 92 1
72 115 78 1
87 138 103 1
71 134 81 1
72 124 83 1
71 142 97 1
79 132 101 1
78 125 91 1
92 141 106 1
72 134 92 1
76 127 80 1
90 152 108 1
82 142 97 1
71 137 97 1
91 159 107 1
82 150 97 1
89 144 98 1
103 155 115 1
85 152 109 1
89 140 105 1
92 140 108 1
86 149 98 1
81 139 101 1
93 151 111 1
93 151 113 1
95 153 104 1
89 157 115 1
96 155 115 1
87 151 109 1
90 142 106 1
86 150 94 1
87 139 99 1
84 148 103 1
86 150 96 1
93 150 110 1
87 149 106 1
93 148 116 1
90 157 109 1
86 140 106 1
90 139 100 1
98 134 108 1
84 144 112 1
88 148 100 1
91 148 104 1
98 147 110 1
88 153 115 1
92 150 103 1
94 141 102 1
86 141 100 1
87 138 103 1
86 149 112 1
94 144 102 1
86 148 102 1
90 149 109 1
95 145 108 1
93 149 112 1
84 141 99 1
89 148 98 1
88 138 101 1
84 148 101 1
87 149 106 1
84 144 97 1
95 147 109 1
92 143 105 1
97 147 105 1
90 139 104 1
90 144 96 1
91 131 106 1
83 145 99 1
89 143 102 1
95 148 103 1
92 150 103 1
101 147 113 1
95 145 106 1
88 142 101 1
86 144 104 1
89 141 103 1
85 149 102 1
95 145 106 1
85 146 105 1
81 145 101 1
91 153 109 1
82 148 107 1
87 137 109 1
80 145 98 1
96 136 100 1
89 146 90 1
94 145 110 1
91 149 100 1
92 148 109 1
92 146 110 1
92 154 110 1
82 143 104 1
86 142 105 1
88 137 107 1
88 146 97 1
84 147 105 1
94 146 104 1
95 146 102 1
89 147 100 1
101 147 102 1
85 140 97 1
90 143 98 1
89 135 106 1
92 144 101 1
89 152 115 1
86 148 102 1
87 150 104 1
90 148 115 1
89 150 107 1
92 139 103 1
88 143 95 1
90 138 95 1
84 152 113 1
84 146 98 1
89 147 102 1
92 148 98 1
85 153 103 1
89 147 100 1
86 145 100 1
83 146 91 1
88 138 112 1
84 149 97 1
79 147 106 1
92 150 101 1
105 145 109 1
94 153 110 1
98 149 102 1
91 140 105 1
84 141 113 1
80 136 99 1
92 146 108 1
83 150 104 1
91 145 108 1
87 150 111 1
90 149 120 1
96 151 107 1
88 139 106 1
88 145 105 1
88 139 104 1
89 148 110 1
90 151 110 1
95 147 107 1
97 151 110 1
94 149 117 1
88 154 102 1
92 137 99 1
89 147 102 1
96 142 99 1
86 152 98 1
87 146 105 1
91 148 106 1
89 146 104 1
96 146 118 1
97 150 116 1
94 139 99 1
89 143 104 1
87 132 103 1
86 152 98 1
92 142 111 1
92 146 110 1
91 151 108 1
85 152 105 1
90 152 108 1
91 138 113 1
84 143 103 1
92 136 103 1
89 147 102 1
88 141 107 1
93 145 104 1
94 146 108 1
100 149 114 1
89 143 102 1
94 136 106 1
89 142 99 1
73 140 92 1
90 144 105 1
85 148 106 1
90 144 107 1
94 146 96 1
93 149 112 1
91 147 110 1
94 137 109 1
85 141 106 1
84 137 108 1
90 146 97 1
89 146 108 1
95 146 104 1
90 149 109 1
90 143 111 1
89 146 104 1
89 140 105 1
97 138 97 1
86 136 106 1
86 148 102 1
85 149 104 1
92 148 102 1
91 148 102 1
101 145 112 1
93 151 104 1
88 138 99 1
89 142 106 1
81 134 98 1
88 139 106 1
89 142 106 1
95 143 99 1
95 147 109 1
97 148 117 1
94 146 108 1
82 135 103 1
88 142 103 1
87 137 97 1
78 141 99 1
87 143 106 1
93 144 106 1
105 140 108 1
90 149 109 1
89 148 98 1
88 134 100 1
88 139 104 1
82 135 101 1
87 146 101 1
80 146 101 1
95 149 108 1
86 148 104 1
74 149 108 1
95 144 110 1
98 138 106 1
86 148 104 1
88 134 100 1
80 149 103 1
89 143 102 1
93 144 99 1
97 147 103 1
96 152 117 1
95 146 104 1
100 137 115 1
84 145 108 1
90 131 101 1
93 147 111 1
97 140 96 1
90 144 105 1
91 144 113 1
89 150 107 1
92 143 96 1
93 146 100 1
99 143 96 1
80 136 99 1
89 151 105 1
101 150 115 1
89 152 101 1
98 148 106 1
94 151 118 1
97 149 113 1
93 144 99 1
93 145 102 1
77 137 105 1
98 148 106 1
95 149 110 1
89 152 101 1
98 153 119 1
87 156 110 1
91 150 110 1
89 142 99 1
91 140 103 1
83 144 94 1
85 156 100 1
88 146 108 1
94 154 104 1
99 150 112 1
92 155 117 1
86 150 106 1
90 139 104 1
94 145 100 1
88 143 95 1
92 150 101 1
92 144 103 1
99 148 102 1
96 154 109 1
99 146 121 1
95 147 109 1
96 140 111 1
86 149 112 1
85 141 106 1
89 155 99 1
92 146 110 1
95 153 108 1
97 151 112 1
96 149 117 1
95 148 112 1
98 139 109 1
88 137 103 1
88 141 105 1
95 145 108 1
96 150 109 1
93 144 108 1
89 150 109 1
94 152 105 1
91 146 104 1
88 142 99 1
90 142 104 1
84 137 106 1
89 142 106 1
86 147 110 1
92 142 109 1
90 153 100 1
88 150 120 1
95 146 104 1
92 139 105 1
86 143 101 1
85 134 97 1
84 150 112 1
92 139 103 1
88 146 99 1
89 150 107 1
91 143 117 1
93 148 109 1
96 144 102 1
84 148 101 1
84 143 105 1
93 144 108 1
81 145 105 1
98 148 104 1
93 151 113 1
92 152 118 1
93 148 107 1
92 144 99 1
84 150 108 1
84 140 101 1
90 148 113 1
89 146 106 1
95 149 106 1
97 146 107 1
89 153 111 1
92 153 112 1
85 141 104 1
84 148 103 1
91 140 103 1
91 144 113 1
90 150 107 1
95 147 107 1
91 155 99 1
99 150 112 1
99 146 110 1
92 145 97 1
91 142 95 1
83 144 103 1
80 149 107 1
100 145 107 1
93 148 105 1
96 154 109 1
91 153 107 1
91 152 113 1
85 139 103 1
88 142 103 1
89 141 103 1
87 149 108 1
90 152 104 1
90 142 102 1
93 149 112 1
97 151 112 1
91 150 110 1
88 138 101 1
82 145 108 1
86 137 99 1
87 149 108 1
84 147 107 1
94 144 106 1
91 147 96 1
94 144 118 1
98 147 108 1
94 141 100 1
84 144 97 1
75 140 102 1
84 148 101 1
88 146 110 1
88 145 105 1
97 145 102 1
94 145 110 1
95 147 109 1
88 141 109 1
86 143 101 1
86 137 103 1
83 145 99 1
89 147 102 1
92 149 105 1
93 148 109 1
91 151 117 1
95 144 110 1
85 141 106 1
86 140 106 1
89 133 100 1
83 153 100 1
86 148 104 1
102 143 100 1
92 149 105 1
93 147 111 1
88 147 104 1
92 136 103 1
88 141 107 1
89 139 111 1
89 140 107 1
87 149 106 1
87 149 108 1
102 149 108 1
85 148 110 1
101 147 113 1
89 140 105 1
88 146 97 1
85 141 95 1
86 145 100 1
82 150 106 1
84 148 99 1
95 146 102 1
93 147 113 1
96 149 104 1
91 138 104 1
92 142 98 1
88 141 105 1
85 146 107 1
84 148 103 1
87 144 104 1
92 148 111 1
88 147 104 1
94 147 102 1
92 138 93 1
89 148 108 1
78 139 102 1
91 147 98 1
95 142 105 1
98 145 109 1
94 147 102 1
90 149 111 1
97 144 108 1
96 136 113 1
90 144 107 1
89 133 102 1
85 148 99 1
95 146 102 1
96 147 116 1
95 148 103 1
90 152 108 1
95 153 108 1
97 136 105 1
83 151 98 1
76 136 100 1
95 145 108 1
98 145 109 1
86 148 102 1
97 144 110 1
92 145 114 1
93 149 114 1
91 140 101 1
90 144 105 1
92 136 103 1
87 145 107 1
90 144 103 1
90 146 93 1
96 152 101 1
93 147 124 1
101 147 111 1
91 141 99 1
89 147 102 1
89 142 108 1
93 145 102 1
88 146 108 1
93 148 105 1
95 146 113 1
95 147 120 1
92 146 108 1
96 134 101 1
90 142 102 1
88 140 102 1
89 146 106 1
92 142 109 1
95 145 108 1
89 144 100 1
95 148 116 1
97 146 111 1
88 141 107 1
83 145 88 1
88 135 98 1
92 144 99 1
83 144 105 1
92 146 110 1
95 144 110 1
94 145 110 1
89 151 103 1
88 141 105 1
86 143 101 1
87 133 99 1
89 147 102 1
93 148 109 1
88 147 104 1
93 148 105 1
94 150 115 1
88 146 99 1
86 142 96 1
87 143 108 1
81 137 100 1
92 144 101 1
91 150 110 1
92 151 97 1
85 149 102 1
90 144 107 1
95 149 108 1
92 142 98 1
89 140 107 1
87 137 95 1
88 145 103 1
89 149 104 1
95 150 104 1
88 152 112 1
93 151 113 1
98 147 110 1
101 140 99 1
87 145 98 1
91 140 105 1
92 141 104 1
88 147 106 1
95 149 108 1
95 145 106 1
90 150 118 1
94 152 105 1
93 137 106 1
85 139 101 1
86 137 99 1
89 149 104 1
94 146 108 1
92 148 102 1
92 149 105 1
101 147 113 1
95 147 107 1
90 139 102 1
87 144 100 1
85 139 101 1
84 147 94 1
86 150 106 1
92 146 108 1
92 148 100 1
89 145 110 1
95 149 108 1
88 139 104 1
82 147 100 1
82 139 99 1
88 147 106 1
85 146 107 1
85 150 100 1
93 154 115 1
85 154 110 1
95 152 110 1
89 141 103 1
85 139 103 1
77 139 95 1
90 143 109 1
96 149 117 1
92 148 113 1
81 145 105 1
85 149 121 1
91 152 100 1
89 141 101 1
86 142 107 1
87 138 103 1
93 144 99 1
86 148 104 1
93 151 100 1
99 141 106 1
85 155 113 1
85 150 100 1
92 138 107 1
90 139 102 1
75 139 99 1
96 144 102 1
85 146 107 1
90 149 109 1
89 150 96 1
88 145 115 1
95 146 111 1
90 137 103 1
82 145 110 1
94 140 104 1
93 147 111 1
94 146 106 1
90 148 113 1
98 146 114 1
95 147 118 1
97 146 107 1
90 137 103 1
85 148 99 1
85 139 101 1
86 143 101 1
94 144 104 1
90 150 107 1
100 145 105 1
89 145 110 1
92 146 110 1
90 137 103 1
92 140 101 1
80 139 96 1
92 144 99 1
90 144 105 1
89 144 98 1
90 142 106 1
92 149 105 1
86 144 95 1
83 136 102 1
75 141 96 1
83 134 101 1
89 143 104 1
89 140 105 1
84 144 97 1
88 146 108 1
93 148 118 1
91 145 106 1
81 141 95 1
87 139 101 1
85 133 101 1
80 147 99 1
90 144 103 1
89 143 104 1
89 147 102 1
86 148 104 1
90 143 100 1
85 135 102 1
82 143 93 1
85 138 107 1
91 147 98 1
86 149 110 1
96 144 102 1
94 148 93 1
91 139 109 1
94 140 104 1
92 141 104 1
86 146 117 1
82 135 99 1
90 152 104 1
94 154 106 1
96 150 109 1
100 149 114 1
90 157 111 1
96 154 107 1
90 138 97 1
89 148 96 1
85 135 104 1
89 154 107 1
86 148 104 1
92 154 108 1
94 150 113 1
92 153 116 1
96 154 107 1
100 138 109 1
93 142 107 1
80 136 101 1
88 144 107 1
84 148 99 1
101 151 109 1
94 151 111 1
93 154 115 1
94 151 107 1
92 148 100 1
93 148 109 1
84 144 97 1
92 154 110 1
97 153 100 1
99 147 104 1
99 156 112 1
96 153 115 1
99 151 108 1
82 148 105 1
87 152 103 1
86 144 104 1
89 156 106 1
100 151 113 1
85 153 103 1
96 158 98 1
90 158 115 1
98 155 109 1
94 146 104 1
95 149 110 1
92 141 104 1
93 157 111 1
95 159 117 1
96 157 107 1
99 151 99 1
93 161 122 1
96 157 114 1
93 149 114 1
90 152 108 1
83 142 102 1
96 153 113 1
87 157 108 1
99 153 115 1
95 153 108 1
105 152 129 1
102 149 110 1
92 144 101 1
87 159 98 1
89 141 103 1
90 158 103 1
93 157 115 1
101 154 107 1
92 155 113 1
108 157 122 1
102 154 112 1
95 153 115 1
94 147 102 1
83 142 104 1
86 156 103 1
93 156 105 1
90 149 111 1
103 157 116 1
100 157 115 1
98 159 109 1
100 145 105 1
89 150 109 1
90 142 106 1
93 151 104 1
93 152 109 1
105 154 115 1
102 159 117 1
104 153 116 1
96 155 113 1
103 144 103 1
94 153 112 1
86 142 105 1
89 155 112 1
90 163 111 1
102 155 108 1
104 158 110 1
97 159 113 1
100 155 116 1
100 142 108 1
84 150 110 1
88 145 105 1
93 156 105 1
97 155 120 1
92 159 112 1
99 156 114 1
97 157 123 1
99 149 109 1
96 142 113 1
87 149 108 1
93 142 105 1
99 148 102 1
94 156 115 1
106 150 117 1
101 154 109 1
98 152 115 1
101 153 115 1
98 147 99 1
76 157 107 1
88 142 101 1
93 155 109 1
96 147 114 1
96 154 109 1
102 157 111 1
102 155 121 1
101 157 120 1
96 149 115 1
90 148 115 1
84 143 105 1
89 157 113 1
84 160 111 1
96 154 107 1
97 156 116 1
93 154 115 1
100 156 108 1
96 149 115 1
90 148 115 1
84 143 105 1
89 157 113 1
84 160 111 1
96 154 107 1
97 156 116 1
93 154 115 1
100 156 108 1
96 149 115 1
90 148 115 1
84 143 105 1
89 157 113 1
84 160 111 1
96 154 107 1
97 156 116 1
93 154 115 1
100 156 108 1
96 149 115 1
90 148 115 1
84 143 105 1
89 157 113 1
84 160 111 1
96 154 107 1
97 156 116 1
93 154 115 1
100 156 108 1
96 149 115 1
90 148 115 1
84 143 105 1
89 157 113 1
84 160 111 1
96 154 107 1
97 156 116 1
93 154 115 1
100 156 108 1
96 149 115 1
90 148 115 1
84 143 105 1
89 157 113 1
84 160 111 1
96 154 107 1
97 156 116 1
93 154 115 1
100 156 108 1
96 149 115 1
90 148 115 1
84 143 105 1
89 157 113 1
84 160 111 1
96 154 107 1
97 156 116 1
93 154 115 1
100 156 108 1
96 149 115 1
90 148 115 1
84 143 105 1
89 157 113 1
84 160 111 1
96 154 107 1
97 156 116 1
93 154 115 1
100 156 108 1
96 149 115 1
90 148 115 1
84 143 105 1
89 157 113 1
84 160 111 1
96 154 107 1
97 156 116 1
93 154 115 1
100 156 108 1
96 149 115 1
90 148 115 1
84 143 105 1
89 157 113 1
84 160 111 1
96 154 107 1
97 156 116 1
93 154 115 1
100 156 108 1
96 149 115 1
90 148 115 1
84 143 105 1
89 157 113 1
84 160 111 1
96 154 107 1
97 156 116 1
93 154 115 1
100 156 108 1
96 149 115 1
90 148 115 1
84 143 105 1
89 157 113 1
84 160 111 1
96 154 107 1
97 156 116 1
93 154 115 1
100 156 108 1
96 149 115 1
90 148 115 1
84 143 105 1
89 157 113 1
84 160 111 1
96 154 107 1
97 156 116 1
93 154 115 1
100 156 108 1
96 149 115 1
90 148 115 1
84 143 105 1
89 157 113 1
84 160 111 1
96 154 107 1
97 156 116 1
93 154 115 1
100 156 108 1
96 149 115 1
90 148 115 1
84 143 105 1
89 157 113 1
84 160 111 1
96 154 107 1
97 156 116 1
93 154 115 1
100 156 108 1
