176 100 76 1
171 100 78 1
175 100 70 1
178 102 78 1
178 103 74 1
178 103 74 1
178 102 78 1
184 103 80 1
184 103 80 1
182 105 85 1
184 108 84 1
180 106 72 1
185 109 85 1
185 110 81 1
185 110 81 1
187 109 101 1
187 113 83 1
178 102 78 1
186 105 87 1
178 108 81 1
182 107 77 1
187 107 84 1
182 113 77 1
185 110 81 1
187 112 87 1
198 110 90 1
179 104 75 1
183 102 79 1
186 106 79 1
185 104 81 1
187 111 91 1
185 110 81 1
185 110 81 1
186 105 83 1
191 111 83 1
180 106 76 1
185 104 81 1
187 106 88 1
188 109 77 1
187 107 84 1
191 111 83 1
191 110 87 1
191 109 91 1
198 110 90 1
185 104 81 1
187 107 84 1
187 107 84 1
194 107 82 1
191 111 83 1
193 107 77 1
188 109 77 1
191 110 87 1
191 111 83 1
184 103 80 1
190 102 81 1
187 107 84 1
190 103 77 1
187 107 80 1
195 108 83 1
184 104 76 1
191 110 89 1
193 114 81 1
184 103 80 1
193 105 85 1
185 104 81 1
188 101 80 1
188 107 89 1
188 109 81 1
188 109 81 1
183 108 79 1
195 110 77 1
184 103 80 1
187 106 88 1
187 107 84 1
185 106 73 1
188 109 81 1
189 111 78 1
187 113 79 1
191 110 89 1
198 110 90 1
184 102 84 1
179 109 64 1
187 107 80 1
185 105 77 1
189 109 86 1
193 107 77 1
188 110 75 1
191 111 83 1
200 113 88 1
189 106 84 1
192 103 88 1
183 105 81 1
190 108 81 1
189 107 76 1
192 109 87 1
187 109 81 1
192 109 89 1
192 110 83 1
186 100 79 1
188 109 79 1
189 111 85 1
185 106 73 1
189 110 80 1
187 108 78 1
187 107 82 1
193 108 84 1
192 112 82 1
185 103 78 1
183 106 75 1
184 107 79 1
188 106 75 1
188 108 85 1
188 111 78 1
190 114 78 1
189 109 86 1
191 115 81 1
187 102 80 1
188 105 79 1
187 109 83 1
186 107 77 1
185 112 82 1
188 108 85 1
188 111 82 1
188 109 81 1
195 110 86 1
188 103 81 1
184 104 76 1
186 107 86 1
186 107 72 1
187 109 83 1
190 107 83 1
186 113 76 1
187 106 86 1
193 114 81 1
186 98 78 1
181 110 84 1
189 105 86 1
188 105 83 1
189 108 92 1
193 107 77 1
188 109 81 1
190 111 94 1
193 112 80 1
182 105 74 1
189 106 82 1
187 110 79 1
185 111 79 1
187 108 78 1
181 103 77 1
188 109 79 1
191 111 85 1
197 110 82 1
182 99 77 1
184 106 83 1
188 110 86 1
184 108 72 1
186 109 76 1
189 111 78 1
190 108 81 1
189 111 89 1
194 115 83 1
180 100 73 1
185 110 81 1
185 104 81 1
188 107 72 1
193 105 87 1
187 108 76 1
190 105 82 1
191 110 89 1
191 112 79 1
181 103 79 1
184 110 74 1
182 104 80 1
188 105 79 1
188 105 79 1
190 106 78 1
184 109 78 1
187 107 82 1
192 110 81 1
184 103 80 1
186 112 80 1
188 102 85 1
185 104 72 1
190 105 84 1
193 108 84 1
190 108 81 1
189 111 87 1
193 112 80 1
186 100 72 1
184 104 74 1
185 102 80 1
182 106 72 1
188 109 79 1
190 109 73 1
186 107 75 1
188 109 79 1
194 116 79 1
179 100 77 1
185 104 70 1
179 98 76 1
181 104 71 1
186 101 75 1
183 106 75 1
190 107 87 1
189 110 80 1
191 111 81 1
187 100 77 1
181 102 81 1
180 101 80 1
182 108 71 1
187 103 74 1
187 107 80 1
186 107 77 1
192 105 89 1
189 111 85 1
184 104 78 1
183 105 65 1
178 102 82 1
187 110 77 1
186 105 73 1
179 101 75 1
192 111 88 1
189 111 87 1
182 104 78 1
186 104 79 1
179 104 86 1
173 100 74 1
186 106 81 1
186 107 77 1
177 104 76 1
188 110 84 1
187 106 86 1
186 104 79 1
185 104 83 1
178 106 73 1
170 100 71 1
189 113 77 1
188 107 87 1
173 95 67 1
193 112 80 1
186 104 89 1
179 99 72 1
177 100 74 1
167 96 70 1
172 93 72 1
187 109 74 1
179 99 74 1
175 93 62 1
189 107 76 1
183 102 81 1
174 95 67 1
179 99 72 1
173 101 68 1
166 89 58 1
180 101 71 1
176 100 76 1
170 95 66 1
184 104 67 1
172 96 74 1
173 96 65 1
173 98 53 1
166 94 71 1
168 90 68 1
173 99 65 1
169 98 72 1
170 94 61 1
179 100 70 1
170 93 76 1
168 92 58 1
172 107 72 1
173 102 74 1
173 96 65 1
181 103 68 1
173 106 70 1
176 99 68 1
175 106 68 1
179 102 89 1
177 100 70 1
190 105 86 1
179 103 81 1
180 102 76 1
190 116 81 1
188 109 79 1
188 106 75 1
189 107 80 1
194 105 94 1
189 107 80 1
193 110 92 1
191 114 83 1
184 106 85 1
201 118 80 1
195 118 87 1
186 113 87 1
193 115 87 1
200 117 107 1
195 113 81 1
195 110 96 1
186 121 86 1
187 106 88 1
195 125 94 1
194 114 91 1
194 114 87 1
195 117 91 1
196 122 102 1
192 118 93 1
189 118 83 1
192 116 92 1
185 109 87 1
193 126 90 1
193 120 90 1
189 117 87 1
198 120 99 1
195 115 101 1
191 117 83 1
194 116 92 1
187 120 88 1
181 115 89 1
198 122 88 1
200 121 98 1
187 120 88 1
194 127 91 1
197 118 103 1
189 118 92 1
194 116 90 1
191 121 90 1
186 118 91 1
193 125 96 1
196 121 89 1
194 118 82 1
203 126 93 1
202 123 102 1
198 123 94 1
189 118 81 1
186 125 84 1
183 119 83 1
195 119 81 1
196 124 94 1
187 113 79 1
193 126 92 1
197 122 90 1
195 123 90 1
182 114 69 1
192 117 88 1
190 116 81 1
191 120 80 1
196 117 89 1
196 120 82 1
198 119 86 1
200 122 96 1
195 123 88 1
187 114 88 1
192 121 81 1
186 115 77 1
193 121 77 1
195 123 88 1
190 116 79 1
193 122 82 1
194 123 83 1
194 124 88 1
195 110 84 1
194 121 84 1
191 118 86 1
198 118 90 1
201 124 91 1
196 123 81 1
195 123 88 1
202 119 97 1
197 120 89 1
188 116 83 1
187 120 84 1
191 113 90 1
193 119 96 1
196 116 95 1
198 118 90 1
194 121 93 1
199 127 90 1
191 122 86 1
189 113 77 1
191 116 89 1
190 115 83 1
190 123 84 1
195 123 88 1
196 121 80 1
199 121 83 1
201 124 93 1
198 122 88 1
192 113 80 1
193 119 85 1
185 115 84 1
193 120 83 1
197 124 82 1
191 123 82 1
196 120 93 1
194 128 89 1
196 121 87 1
193 114 83 1
191 115 81 1
190 120 89 1
195 119 83 1
198 124 90 1
195 118 85 1
198 119 86 1
202 121 101 1
196 125 90 1
191 116 85 1
196 121 91 1
191 116 87 1
192 120 85 1
201 123 88 1
198 121 90 1
196 116 91 1
200 121 90 1
199 119 91 1
191 117 83 1
196 119 88 1
191 118 86 1
197 122 81 1
195 125 80 1
196 123 81 1
195 118 85 1
200 118 91 1
196 121 87 1
189 114 84 1
193 119 85 1
191 116 89 1
196 121 87 1
197 123 88 1
193 120 81 1
198 119 82 1
200 119 97 1
197 123 86 1
187 109 81 1
191 117 83 1
189 117 87 1
192 122 77 1
200 121 88 1
194 118 82 1
195 118 87 1
201 121 94 1
194 125 84 1
189 115 76 1
188 118 85 1
190 111 92 1
192 124 83 1
191 122 86 1
193 119 85 1
194 115 83 1
200 118 91 1
194 123 83 1
187 113 79 1
195 118 87 1
190 111 92 1
195 120 75 1
194 123 85 1
192 120 83 1
194 123 83 1
198 118 88 1
195 123 90 1
192 113 78 1
187 120 86 1
187 115 80 1
193 121 88 1
194 120 86 1
189 126 83 1
196 123 81 1
201 124 91 1
194 120 72 1
182 118 78 1
188 123 77 1
186 121 86 1
195 118 85 1
198 121 93 1
198 122 88 1
193 120 79 1
198 122 88 1
193 119 85 1
192 112 84 1
192 118 84 1
185 113 78 1
195 125 82 1
199 119 89 1
191 122 86 1
191 119 84 1
196 117 87 1
196 120 84 1
193 116 83 1
188 118 83 1
189 116 91 1
192 122 73 1
195 124 86 1
193 123 78 1
193 120 83 1
196 119 90 1
194 122 78 1
188 118 75 1
193 123 76 1
187 115 80 1
192 118 84 1
194 123 85 1
195 120 77 1
194 122 78 1
198 121 95 1
193 120 79 1
191 113 73 1
188 122 81 1
187 115 80 1
192 127 80 1
196 119 86 1
191 120 76 1
195 118 85 1
200 123 92 1
194 126 80 1
189 114 82 1
193 119 85 1
189 121 78 1
193 121 84 1
197 123 88 1
194 121 80 1
190 127 84 1
201 122 90 1
197 123 86 1
189 115 76 1
190 121 83 1
190 115 86 1
193 123 78 1
198 124 88 1
194 121 84 1
194 122 78 1
198 124 90 1
192 125 77 1
187 116 78 1
191 125 83 1
183 115 85 1
191 118 75 1
198 124 88 1
190 124 78 1
195 120 77 1
196 125 88 1
197 123 86 1
190 114 80 1
188 123 79 1
189 117 87 1
194 118 78 1
196 118 81 1
194 126 80 1
196 126 82 1
197 121 87 1
201 124 93 1
191 118 75 1
192 120 87 1
192 121 81 1
196 123 79 1
196 122 85 1
195 124 86 1
194 123 83 1
196 121 91 1
196 122 83 1
196 115 81 1
195 125 80 1
193 112 94 1
194 127 76 1
198 123 92 1
195 120 77 1
200 119 87 1
192 123 85 1
204 117 87 1
191 116 85 1
195 118 89 1
191 117 81 1
194 121 82 1
199 127 81 1
196 121 80 1
194 123 85 1
195 124 86 1
196 122 83 1
191 116 85 1
187 122 85 1
191 116 85 1
193 120 79 1
194 124 79 1
194 117 84 1
196 120 82 1
198 121 93 1
197 121 87 1
189 114 82 1
191 121 72 1
189 114 80 1
194 123 81 1
201 124 82 1
191 119 84 1
193 122 80 1
198 121 90 1
196 121 76 1
196 112 83 1
188 118 83 1
192 119 89 1
194 123 85 1
198 122 88 1
193 120 81 1
196 122 85 1
198 124 99 1
198 122 88 1
195 114 79 1
193 120 81 1
191 115 91 1
196 120 84 1
200 121 98 1
195 118 87 1
198 122 88 1
200 117 97 1
199 120 85 1
193 116 83 1
196 116 95 1
191 116 85 1
194 122 78 1
200 119 97 1
193 120 81 1
200 121 86 1
197 121 95 1
197 120 89 1
194 114 87 1
190 120 89 1
188 117 89 1
201 122 90 1
199 125 93 1
192 120 87 1
196 117 89 1
200 121 102 1
194 121 93 1
191 118 88 1
188 120 93 1
193 114 91 1
193 116 81 1
198 121 90 1
195 116 88 1
189 119 88 1
193 118 89 1
197 122 90 1
193 116 83 1
195 117 93 1
195 116 95 1
196 119 86 1
196 124 92 1
197 120 89 1
193 113 88 1
202 119 97 1
197 120 89 1
189 111 85 1
192 120 83 1
192 116 94 1
197 122 81 1
201 123 97 1
196 119 77 1
191 118 86 1
201 121 96 1
197 121 83 1
189 113 88 1
193 122 80 1
186 120 81 1
196 118 83 1
195 123 93 1
193 119 85 1
196 120 82 1
200 119 101 1
190 120 87 1
194 117 86 1
193 116 83 1
187 120 84 1
197 120 91 1
198 121 90 1
197 121 85 1
199 120 87 1
198 121 90 1
196 120 84 1
186 114 79 1
192 123 85 1
194 117 84 1
194 121 84 1
198 120 97 1
193 120 83 1
194 118 82 1
195 125 92 1
198 121 93 1
187 113 79 1
189 119 77 1
187 117 81 1
192 118 82 1
196 119 86 1
193 121 86 1
196 121 80 1
198 122 88 1
197 120 89 1
190 116 79 1
194 116 88 1
189 118 83 1
191 119 82 1
198 119 86 1
192 120 85 1
192 118 86 1
194 121 93 1
191 122 86 1
193 113 88 1
196 118 92 1
193 116 85 1
199 120 85 1
198 118 90 1
194 118 82 1
196 119 86 1
204 119 100 1
197 121 85 1
188 116 81 1
195 118 89 1
191 115 81 1
193 122 82 1
195 123 93 1
200 122 84 1
200 118 91 1
201 120 100 1
197 121 87 1
189 115 78 1
193 121 86 1
190 114 80 1
192 120 83 1
192 121 81 1
195 117 82 1
198 124 90 1
200 123 90 1
195 124 86 1
189 114 80 1
195 118 87 1
193 115 87 1
198 121 76 1
193 121 84 1
188 122 83 1
191 119 84 1
196 125 88 1
198 123 92 1
187 114 77 1
184 123 78 1
191 114 88 1
191 125 81 1
197 121 95 1
194 120 86 1
194 122 87 1
196 121 89 1
194 121 82 1
190 116 81 1
188 122 83 1
193 119 87 1
193 120 83 1
198 121 90 1
192 119 80 1
196 121 87 1
199 119 93 1
192 121 81 1
187 116 78 1
189 122 72 1
187 115 84 1
194 118 78 1
196 119 88 1
191 117 81 1
188 120 77 1
200 120 93 1
191 118 79 1
184 113 69 1
191 122 84 1
186 114 81 1
194 116 81 1
194 123 85 1
196 120 84 1
196 120 84 1
198 118 88 1
196 119 79 1
186 112 78 1
189 121 78 1
182 118 80 1
193 116 81 1
194 117 84 1
185 113 80 1
187 121 82 1
191 118 86 1
190 123 75 1
183 107 83 1
187 116 88 1
183 107 85 1
187 120 84 1
187 122 87 1
191 118 86 1
188 116 81 1
193 120 90 1
192 117 88 1
184 109 82 1
188 116 81 1
185 110 81 1
189 119 77 1
194 115 94 1
191 116 85 1
195 113 81 1
196 118 96 1
191 116 89 1
189 107 78 1
189 117 85 1
189 114 82 1
191 114 95 1
193 116 81 1
192 118 84 1
192 119 80 1
198 118 88 1
192 118 84 1
186 115 77 1
184 122 84 1
181 113 84 1
193 115 87 1
191 122 86 1
192 117 88 1
192 118 84 1
196 122 85 1
188 122 83 1
188 110 84 1
193 115 89 1
191 113 90 1
194 123 85 1
197 119 93 1
189 117 85 1
199 120 85 1
196 118 96 1
196 114 87 1
192 111 88 1
190 121 83 1
187 113 83 1
195 116 86 1
201 121 98 1
196 121 89 1
197 123 86 1
200 123 90 1
191 122 84 1
190 114 88 1
194 121 93 1
191 114 95 1
192 119 89 1
197 121 95 1
196 122 85 1
195 122 95 1
198 118 90 1
196 124 92 1
187 116 88 1
193 120 92 1
186 120 92 1
190 121 85 1
196 121 87 1
192 123 87 1
193 120 92 1
200 123 92 1
194 120 88 1
193 114 91 1
193 118 91 1
186 120 90 1
194 129 85 1
198 119 101 1
193 121 88 1
199 127 90 1
199 126 98 1
195 123 88 1
192 118 86 1
185 124 90 1
193 118 91 1
194 121 91 1
200 121 102 1
194 123 83 1
196 121 89 1
198 123 92 1
194 123 97 1
183 115 85 1
190 123 84 1
183 120 85 1
192 125 88 1
198 123 96 1
194 120 90 1
195 124 96 1
197 129 99 1
198 125 95 1
183 115 85 1
190 123 84 1
183 120 85 1
192 125 88 1
198 123 96 1
194 120 90 1
195 124 96 1
197 129 99 1
198 125 95 1
183 115 85 1
190 123 84 1
183 120 85 1
192 125 88 1
198 123 96 1
194 120 90 1
195 124 96 1
197 129 99 1
198 125 95 1
183 115 85 1
190 123 84 1
183 120 85 1
192 125 88 1
198 123 96 1
194 120 90 1
195 124 96 1
197 129 99 1
198 125 95 1
183 115 85 1
190 123 84 1
183 120 85 1
192 125 88 1
198 123 96 1
194 120 90 1
195 124 96 1
197 129 99 1
198 125 95 1
183 115 85 1
190 123 84 1
183 120 85 1
192 125 88 1
198 123 96 1
194 120 90 1
195 124 96 1
197 129 99 1
198 125 95 1
183 115 85 1
190 123 84 1
183 120 85 1
192 125 88 1
198 123 96 1
194 120 90 1
195 124 96 1
197 129 99 1
198 125 95 1
183 115 85 1
190 123 84 1
183 120 85 1
192 125 88 1
198 123 96 1
194 120 90 1
195 124 96 1
197 129 99 1
198 125 95 1
183 115 85 1
190 123 84 1
183 120 85 1
192 125 88 1
198 123 96 1
194 120 90 1
195 124 96 1
197 129 99 1
198 125 95 1
183 115 85 1
190 123 84 1
183 120 85 1
192 125 88 1
198 123 96 1
194 120 90 1
195 124 96 1
197 129 99 1
198 125 95 1
183 115 85 1
190 123 84 1
183 120 85 1
192 125 88 1
198 123 96 1
194 120 90 1
195 124 96 1
197 129 99 1
198 125 95 1
