111 36 32 1
111 52 56 1
104 52 49 1
108 48 52 1
116 50 52 1
116 51 48 1
114 48 45 1
118 53 50 1
118 52 56 1
116 50 52 1
125 59 61 1
125 59 61 1
123 57 59 1
129 58 61 1
123 56 63 1
129 58 61 1
123 65 59 1
123 64 63 1
129 57 65 1
134 65 59 1
130 67 63 1
131 65 67 1
136 65 64 1
134 65 72 1
131 66 63 1
148 67 63 1
147 66 73 1
143 68 73 1
154 75 68 1
149 71 70 1
152 69 74 1
155 69 66 1
150 71 70 1
155 76 71 1
169 71 72 1
158 74 86 1
161 75 72 1
161 66 75 1
149 69 69 1
149 68 64 1
153 77 71 1
151 76 60 1
158 70 63 1
156 75 71 1
170 69 89 1
155 74 70 1
154 66 75 1
149 69 71 1
141 72 64 1
156 71 74 1
150 76 74 1
147 70 69 1
164 75 64 1
161 72 77 1
154 75 70 1
150 72 64 1
149 70 67 1
137 71 73 1
148 79 73 1
147 77 74 1
149 71 74 1
151 76 60 1
164 73 85 1
149 72 68 1
163 72 71 1
154 72 72 1
155 67 74 1
156 76 69 1
156 75 71 1
156 76 69 1
159 75 74 1
161 74 76 1
158 74 73 1
159 75 74 1
161 72 73 1
149 72 68 1
164 80 65 1
161 74 78 1
161 76 68 1
165 83 70 1
158 79 78 1
156 77 74 1
160 79 74 1
166 75 76 1
147 68 63 1
166 77 75 1
165 79 77 1
158 79 74 1
169 83 80 1
166 83 77 1
162 82 73 1
170 77 77 1
165 85 73 1
156 75 71 1
177 87 79 1
166 83 75 1
161 82 63 1
172 83 72 1
172 86 86 1
165 84 77 1
174 91 67 1
174 89 79 1
162 83 69 1
186 92 78 1
178 91 77 1
174 87 78 1
188 94 85 1
180 87 82 1
174 87 75 1
173 93 79 1
174 92 81 1
174 80 73 1
187 94 87 1
183 96 85 1
181 89 77 1
185 101 88 1
191 91 91 1
181 98 76 1
182 91 76 1
185 91 77 1
169 90 73 1
189 95 88 1
187 95 83 1
182 91 78 1
189 96 84 1
182 95 84 1
180 95 71 1
179 91 75 1
176 98 76 1
180 87 84 1
187 94 87 1
190 89 94 1
184 94 76 1
189 98 85 1
186 98 91 1
188 94 85 1
181 89 77 1
182 91 76 1
172 92 76 1
183 97 81 1
182 98 81 1
181 96 74 1
187 93 84 1
183 100 89 1
186 103 83 1
183 92 79 1
182 98 83 1
178 87 84 1
182 95 84 1
190 97 83 1
187 96 77 1
191 95 84 1
192 92 96 1
188 102 85 1
183 91 81 1
187 101 73 1
182 89 84 1
185 97 79 1
183 95 91 1
185 99 80 1
186 96 90 1
199 96 99 1
188 101 87 1
180 90 84 1
180 95 73 1
177 93 80 1
183 97 81 1
183 99 82 1
181 98 76 1
183 98 79 1
189 95 88 1
185 98 84 1
177 93 80 1
176 91 79 1
172 92 80 1
178 96 80 1
183 94 80 1
180 101 80 1
182 98 81 1
181 100 84 1
189 96 91 1
170 93 65 1
174 97 68 1
171 97 76 1
178 92 73 1
183 99 73 1
176 100 76 1
179 98 80 1
181 101 87 1
183 100 80 1
172 93 72 1
172 96 74 1
164 93 71 1
179 96 76 1
184 95 80 1
182 96 78 1
177 97 71 1
181 95 78 1
176 100 76 1
180 87 82 1
189 91 76 1
171 94 77 1
173 91 80 1
189 98 81 1
180 100 75 1
188 94 85 1
192 96 87 1
189 98 83 1
183 90 78 1
180 91 78 1
173 94 73 1
183 93 87 1
187 95 85 1
184 97 72 1
193 99 87 1
191 100 85 1
184 103 82 1
185 91 79 1
187 95 83 1
179 95 82 1
188 97 82 1
184 101 79 1
187 96 81 1
189 97 89 1
191 98 96 1
187 100 86 1
179 89 85 1
180 93 70 1
173 92 83 1
185 96 85 1
189 94 90 1
187 96 81 1
179 100 81 1
192 97 90 1
191 103 85 1
179 88 87 1
184 96 78 1
176 89 80 1
185 96 81 1
181 87 76 1
187 96 77 1
191 94 86 1
188 96 84 1
184 95 80 1
182 89 75 1
180 99 81 1
173 90 82 1
185 91 79 1
180 92 85 1
187 94 87 1
189 95 88 1
192 94 93 1
182 98 81 1
170 94 74 1
177 99 76 1
174 88 85 1
183 94 76 1
179 97 74 1
182 91 74 1
181 94 82 1
188 94 87 1
186 97 86 1
176 89 82 1
182 89 84 1
175 90 80 1
187 95 83 1
185 99 80 1
183 96 85 1
187 93 82 1
192 98 88 1
191 100 87 1
178 90 83 1
182 98 79 1
172 88 73 1
183 98 86 1
186 100 81 1
186 92 82 1
187 100 90 1
182 102 90 1
185 96 81 1
177 89 71 1
178 88 80 1
181 87 76 1
184 95 82 1
185 98 84 1
183 97 83 1
189 92 82 1
192 103 92 1
182 99 77 1
177 86 85 1
178 96 80 1
178 88 80 1
184 93 80 1
183 96 87 1
185 96 85 1
186 100 81 1
189 94 90 1
185 98 82 1
174 93 75 1
176 97 82 1
175 90 78 1
182 96 89 1
185 97 77 1
178 97 78 1
180 98 85 1
183 95 93 1
186 99 87 1
181 92 81 1
175 96 79 1
174 92 81 1
176 99 84 1
187 92 86 1
190 95 77 1
188 94 83 1
187 100 90 1
194 99 93 1
178 91 79 1
181 96 70 1
178 86 81 1
175 96 77 1
188 95 81 1
185 99 80 1
181 96 84 1
183 93 85 1
181 96 84 1
177 78 82 1
169 89 78 1
163 85 75 1
178 87 73 1
177 87 77 1
173 92 72 1
178 92 60 1
176 89 80 1
179 90 77 1
157 74 68 1
155 77 67 1
151 72 69 1
160 83 65 1
169 76 73 1
158 73 66 1
162 83 69 1
171 77 86 1
160 86 66 1
143 64 70 1
139 70 63 1
127 72 63 1
135 72 54 1
138 70 56 1
139 69 65 1
136 72 61 1
138 73 68 1
140 70 67 1
130 65 69 1
131 61 67 1
127 63 65 1
136 65 64 1
131 65 67 1
129 62 55 1
137 65 60 1
129 63 61 1
134 67 60 1
132 61 63 1
128 61 65 1
130 61 80 1
136 63 65 1
139 61 65 1
131 62 63 1
140 63 62 1
132 63 68 1
127 65 56 1
139 62 70 1
132 65 72 1
135 62 64 1
140 68 62 1
142 63 69 1
141 61 63 1
144 67 65 1
136 62 71 1
129 63 63 1
146 65 69 1
134 67 69 1
138 60 66 1
142 68 61 1
141 65 72 1
139 64 60 1
144 67 61 1
134 66 64 1
142 63 60 1
141 68 67 1
137 67 61 1
132 63 66 1
142 67 67 1
138 67 70 1
134 67 60 1
144 67 61 1
143 65 66 1
143 64 63 1
148 67 74 1
145 70 68 1
136 65 64 1
148 67 74 1
148 68 70 1
142 67 69 1
153 69 68 1
151 67 75 1
140 71 65 1
153 68 76 1
141 70 74 1
139 68 74 1
154 73 68 1
149 77 70 1
147 71 67 1
149 75 68 1
156 70 81 1
146 71 71 1
173 71 67 1
162 72 80 1
143 71 66 1
160 79 70 1
156 79 75 1
159 76 70 1
170 78 82 1
163 79 73 1
159 77 66 1
173 81 69 1
165 84 77 1
159 74 78 1
170 86 80 1
170 91 75 1
171 86 76 1
177 86 71 1
175 90 80 1
167 87 84 1
182 85 79 1
183 90 76 1
173 83 77 1
187 96 77 1
190 92 91 1
183 89 82 1
192 99 82 1
189 98 85 1
187 93 84 1
184 86 74 1
187 92 76 1
181 87 76 1
183 90 78 1
181 99 88 1
185 96 81 1
193 92 85 1
196 98 85 1
186 98 82 1
178 90 81 1
177 93 76 1
171 88 78 1
175 95 83 1
182 95 84 1
182 100 69 1
185 96 85 1
187 97 91 1
187 98 85 1
183 89 80 1
187 97 75 1
181 87 80 1
183 94 76 1
188 95 81 1
188 98 78 1
192 97 79 1
193 96 92 1
190 97 85 1
188 90 77 1
183 93 85 1
183 86 80 1
189 91 78 1
194 99 83 1
185 96 83 1
187 96 77 1
192 92 92 1
189 96 80 1
183 90 76 1
180 92 76 1
182 90 80 1
187 96 81 1
197 93 87 1
189 96 80 1
197 91 86 1
196 97 87 1
192 94 86 1
186 85 87 1
189 96 82 1
175 90 78 1
187 96 79 1
192 96 85 1
185 100 74 1
190 95 93 1
200 90 93 1
187 100 79 1
176 89 80 1
182 91 74 1
178 83 76 1
182 92 72 1
189 92 84 1
181 93 75 1
190 99 84 1
193 91 89 1
191 94 88 1
181 86 82 1
185 93 86 1
174 93 73 1
185 96 83 1
185 96 81 1
189 92 84 1
195 90 87 1
192 96 85 1
188 100 84 1
178 88 80 1
184 87 81 1
175 87 83 1
187 95 85 1
189 92 86 1
186 93 76 1
189 94 94 1
190 91 97 1
185 98 84 1
172 87 82 1
175 87 83 1
178 82 80 1
183 94 76 1
187 93 84 1
179 99 83 1
184 94 84 1
183 90 89 1
184 93 92 1
181 85 88 1
177 94 85 1
178 88 82 1
188 94 85 1
182 97 85 1
180 98 85 1
192 97 92 1
187 90 96 1
190 99 86 1
177 95 77 1
181 97 80 1
177 87 77 1
187 91 82 1
189 96 84 1
182 98 83 1
187 92 90 1
187 93 93 1
194 101 85 1
173 91 78 1
174 93 86 1
167 86 77 1
180 101 82 1
185 96 85 1
179 96 76 1
186 96 88 1
186 96 90 1
180 93 81 1
173 89 90 1
173 94 75 1
168 88 78 1
182 98 81 1
180 92 87 1
179 97 82 1
186 96 90 1
181 97 96 1
181 100 82 1
175 91 76 1
171 94 77 1
171 88 80 1
184 100 87 1
187 94 89 1
176 94 76 1
185 94 95 1
187 98 87 1
177 100 85 1
175 91 76 1
171 94 77 1
171 88 80 1
184 100 87 1
187 94 89 1
176 94 76 1
185 94 95 1
187 98 87 1
177 100 85 1
175 91 76 1
171 94 77 1
171 88 80 1
184 100 87 1
187 94 89 1
176 94 76 1
185 94 95 1
187 98 87 1
177 100 85 1
175 91 76 1
171 94 77 1
171 88 80 1
184 100 87 1
187 94 89 1
176 94 76 1
185 94 95 1
187 98 87 1
177 100 85 1
175 91 76 1
171 94 77 1
171 88 80 1
184 100 87 1
187 94 89 1
176 94 76 1
185 94 95 1
187 98 87 1
177 100 85 1
175 91 76 1
171 94 77 1
171 88 80 1
184 100 87 1
187 94 89 1
176 94 76 1
185 94 95 1
187 98 87 1
177 100 85 1
175 91 76 1
171 94 77 1
171 88 80 1
184 100 87 1
187 94 89 1
176 94 76 1
185 94 95 1
187 98 87 1
177 100 85 1
175 91 76 1
171 94 77 1
171 88 80 1
184 100 87 1
187 94 89 1
176 94 76 1
185 94 95 1
187 98 87 1
177 100 85 1
175 91 76 1
171 94 77 1
171 88 80 1
184 100 87 1
187 94 89 1
176 94 76 1
185 94 95 1
187 98 87 1
177 100 85 1
175 91 76 1
171 94 77 1
171 88 80 1
184 100 87 1
187 94 89 1
176 94 76 1
185 94 95 1
187 98 87 1
177 100 85 1
175 91 76 1
171 94 77 1
171 88 80 1
184 100 87 1
187 94 89 1
176 94 76 1
185 94 95 1
187 98 87 1
177 100 85 1
175 91 76 1
171 94 77 1
171 88 80 1
184 100 87 1
187 94 89 1
176 94 76 1
185 94 95 1
187 98 87 1
177 100 85 1
175 91 76 1
171 94 77 1
171 88 80 1
184 100 87 1
187 94 89 1
176 94 76 1
185 94 95 1
187 98 87 1
177 100 85 1
175 91 76 1
171 94 77 1
171 88 80 1
184 100 87 1
187 94 89 1
176 94 76 1
185 94 95 1
187 98 87 1
177 100 85 1
175 91 76 1
171 94 77 1
171 88 80 1
184 100 87 1
187 94 89 1
176 94 76 1
185 94 95 1
187 98 87 1
177 100 85 1
175 91 76 1
171 94 77 1
171 88 80 1
184 100 87 1
187 94 89 1
176 94 76 1
185 94 95 1
187 98 87 1
177 100 85 1
175 91 76 1
171 94 77 1
171 88 80 1
184 100 87 1
187 94 89 1
176 94 76 1
185 94 95 1
187 98 87 1
177 100 85 1
175 91 76 1
171 94 77 1
171 88 80 1
184 100 87 1
187 94 89 1
176 94 76 1
185 94 95 1
187 98 87 1
177 100 85 1
175 91 76 1
171 94 77 1
171 88 80 1
184 100 87 1
187 94 89 1
176 94 76 1
185 94 95 1
187 98 87 1
177 100 85 1
175 91 76 1
171 94 77 1
171 88 80 1
184 100 87 1
187 94 89 1
176 94 76 1
185 94 95 1
187 98 87 1
177 100 85 1
175 91 76 1
171 94 77 1
171 88 80 1
184 100 87 1
187 94 89 1
176 94 76 1
185 94 95 1
187 98 87 1
177 100 85 1
175 91 76 1
171 94 77 1
171 88 80 1
184 100 87 1
187 94 89 1
176 94 76 1
185 94 95 1
187 98 87 1
177 100 85 1
175 91 76 1
171 94 77 1
171 88 80 1
184 100 87 1
187 94 89 1
176 94 76 1
185 94 95 1
187 98 87 1
177 100 85 1
