104 108 111 1
110 115 113 1
119 125 118 1
123 127 126 1
116 121 115 1
126 131 129 1
132 137 135 1
119 130 122 1
132 137 135 1
135 144 141 1
153 158 152 1
160 160 156 1
161 161 161 1
160 166 155 1
162 168 161 1
168 169 160 1
165 171 160 1
166 171 165 1
171 172 167 1
168 168 164 1
166 171 165 1
169 169 169 1
171 173 163 1
175 175 171 1
175 176 167 1
174 180 169 1
177 178 173 1
178 179 174 1
165 166 161 1
169 170 165 1
169 169 169 1
168 174 167 1
175 175 171 1
175 176 167 1
175 175 171 1
177 178 173 1
178 179 174 1
170 170 172 1
170 171 166 1
171 172 167 1
170 171 166 1
175 176 167 1
177 178 173 1
177 178 173 1
176 176 176 1
178 178 178 1
170 170 172 1
170 170 170 1
170 170 170 1
171 172 167 1
175 177 165 1
177 178 173 1
176 177 172 1
177 178 173 1
179 180 175 1
165 169 168 1
170 171 166 1
171 172 167 1
171 171 173 1
175 176 169 1
176 177 172 1
176 176 176 1
177 177 177 1
179 180 175 1
169 170 165 1
169 169 167 1
170 170 170 1
170 170 168 1
176 177 170 1
175 176 167 1
175 176 167 1
177 177 175 1
178 179 172 1
169 163 158 1
166 169 166 1
168 168 168 1
169 170 165 1
173 172 165 1
172 174 162 1
174 175 167 1
179 176 177 1
177 178 171 1
164 165 160 1
165 167 159 1
169 168 164 1
169 166 170 1
172 173 170 1
175 177 165 1
174 175 167 1
179 177 171 1
178 180 170 1
159 165 156 1
167 167 162 1
172 170 164 1
164 165 160 1
174 175 167 1
177 177 168 1
172 171 162 1
177 177 175 1
182 180 176 1
158 156 152 1
166 169 166 1
170 170 168 1
164 167 161 1
172 174 164 1
177 180 174 1
170 173 156 1
177 177 175 1
183 184 175 1
157 154 142 1
165 167 157 1
171 172 169 1
162 163 147 1
172 175 158 1
179 181 169 1
167 166 159 1
180 179 172 1
183 184 177 1
149 149 138 1
161 162 153 1
174 172 170 1
151 153 143 1
169 170 161 1
179 183 174 1
158 160 148 1
173 172 165 1
185 186 179 1
147 148 141 1
156 160 147 1
174 174 171 1
153 151 147 1
164 166 154 1
183 183 170 1
156 157 150 1
170 170 168 1
186 187 182 1
146 150 142 1
163 166 149 1
177 177 175 1
156 156 147 1
170 172 162 1
185 186 181 1
162 164 152 1
175 174 167 1
189 190 183 1
176 177 172 1
183 184 179 1
186 187 182 1
184 182 181 1
189 189 189 1
192 193 188 1
190 190 188 1
196 194 194 1
197 198 193 1
177 177 175 1
177 179 169 1
182 183 176 1
181 182 172 1
186 184 180 1
188 187 176 1
185 185 185 1
186 186 186 1
189 189 187 1
170 172 162 1
173 177 167 1
176 176 165 1
176 177 170 1
181 182 174 1
182 182 178 1
182 182 180 1
182 182 180 1
185 186 183 1
170 172 158 1
175 175 173 1
174 174 169 1
175 175 171 1
178 180 170 1
179 181 171 1
182 183 174 1
181 179 175 1
184 183 179 1
172 170 164 1
170 171 164 1
172 174 166 1
170 176 167 1
177 179 169 1
181 180 173 1
178 179 174 1
180 179 172 1
183 184 175 1
178 171 171 1
168 176 168 1
175 175 173 1
176 177 168 1
178 180 170 1
178 179 174 1
178 179 172 1
179 180 175 1
184 182 183 1
171 174 168 1
171 172 169 1
176 176 174 1
175 179 169 1
177 177 175 1
181 183 168 1
179 180 175 1
181 182 174 1
184 183 179 1
175 173 169 1
175 176 169 1
176 175 171 1
176 177 170 1
180 178 176 1
181 182 172 1
179 181 173 1
182 182 182 1
185 180 182 1
175 173 171 1
174 178 170 1
179 177 175 1
177 177 175 1
181 181 178 1
183 184 179 1
182 182 182 1
183 184 175 1
183 184 177 1
169 175 168 1
176 176 174 1
174 174 174 1
176 176 176 1
179 181 173 1
182 183 176 1
182 181 174 1
183 181 182 1
183 183 181 1
172 172 172 1
175 177 165 1
175 175 173 1
176 176 176 1
179 180 175 1
178 181 175 1
181 181 176 1
183 181 182 1
184 185 178 1
171 172 169 1
173 177 169 1
176 175 171 1
177 178 173 1
178 180 170 1
181 182 174 1
178 179 174 1
182 182 182 1
184 185 178 1
173 176 173 1
176 176 174 1
177 178 173 1
176 177 172 1
179 181 173 1
179 181 169 1
178 181 175 1
185 182 174 1
183 184 179 1
172 175 171 1
174 178 168 1
177 177 175 1
177 177 175 1
179 180 175 1
179 181 173 1
183 182 174 1
183 184 177 1
183 183 181 1
172 172 172 1
176 177 170 1
175 175 171 1
177 177 175 1
177 178 171 1
183 182 178 1
179 182 178 1
182 182 182 1
184 183 177 1
173 170 171 1
172 177 161 1
175 175 173 1
175 179 173 1
181 182 174 1
182 183 174 1
182 180 178 1
182 182 180 1
183 184 175 1
174 172 172 1
176 177 170 1
176 174 175 1
177 178 171 1
179 181 169 1
181 182 174 1
181 181 178 1
182 182 180 1
184 184 184 1
170 172 171 1
176 177 172 1
175 175 173 1
177 177 175 1
181 178 170 1
181 181 176 1
181 181 178 1
183 184 179 1
183 184 175 1
173 176 173 1
175 176 169 1
177 177 175 1
177 177 175 1
178 179 172 1
181 180 173 1
179 182 176 1
182 182 178 1
182 182 180 1
174 178 179 1
176 176 174 1
179 176 177 1
176 176 174 1
179 180 175 1
181 181 176 1
182 183 176 1
183 183 181 1
183 183 183 1
174 174 169 1
175 175 171 1
174 177 174 1
177 177 177 1
179 179 179 1
182 183 176 1
182 182 178 1
183 183 183 1
182 182 182 1
171 173 172 1
177 178 173 1
175 175 175 1
177 178 173 1
178 181 173 1
181 181 176 1
179 182 176 1
181 181 178 1
181 184 179 1
172 173 168 1
174 177 174 1
177 177 177 1
174 177 176 1
181 181 178 1
181 181 176 1
179 182 178 1
182 182 178 1
183 184 179 1
172 172 172 1
175 175 173 1
177 177 175 1
177 175 174 1
178 179 172 1
182 182 180 1
179 179 179 1
181 181 176 1
184 185 180 1
171 172 167 1
176 179 162 1
177 178 171 1
177 177 175 1
181 182 170 1
178 181 175 1
179 180 177 1
182 182 180 1
184 185 178 1
171 174 170 1
175 175 173 1
177 177 177 1
175 178 175 1
179 181 173 1
181 181 176 1
178 181 177 1
181 181 178 1
183 182 176 1
170 171 166 1
174 179 166 1
177 177 177 1
177 178 173 1
179 180 177 1
179 182 178 1
178 181 175 1
183 184 179 1
184 182 181 1
171 172 167 1
175 175 173 1
181 173 176 1
177 177 175 1
182 180 178 1
181 182 174 1
179 183 172 1
182 182 182 1
183 183 181 1
173 175 175 1
176 174 173 1
175 178 177 1
175 177 165 1
179 181 173 1
183 184 177 1
184 179 178 1
181 181 178 1
183 183 181 1
170 170 170 1
174 177 174 1
181 179 177 1
177 177 177 1
178 179 174 1
179 180 177 1
182 183 176 1
183 184 179 1
183 184 179 1
177 175 176 1
175 175 173 1
177 177 177 1
176 175 178 1
178 179 174 1
181 181 176 1
181 181 178 1
182 182 182 1
181 184 181 1
172 174 176 1
175 175 175 1
175 175 175 1
175 175 173 1
179 180 177 1
179 181 173 1
179 182 176 1
184 182 181 1
184 184 182 1
174 174 169 1
174 178 170 1
174 178 170 1
176 178 166 1
179 177 175 1
179 180 177 1
179 177 175 1
182 181 174 1
182 183 176 1
170 171 164 1
171 172 167 1
168 171 168 1
174 174 171 1
177 177 177 1
177 178 173 1
177 178 173 1
178 179 176 1
179 181 173 1
166 163 164 1
168 168 166 1
168 169 162 1
171 173 163 1
172 173 168 1
171 172 167 1
175 175 175 1
175 176 169 1
176 176 174 1
159 155 154 1
153 160 144 1
153 151 147 1
163 165 153 1
160 165 150 1
160 157 151 1
171 168 156 1
165 164 153 1
163 164 157 1
154 153 146 1
154 153 146 1
152 151 142 1
160 158 154 1
155 157 145 1
155 154 150 1
165 162 154 1
158 158 144 1
158 161 144 1
165 164 153 1
163 164 157 1
160 159 152 1
168 170 156 1
167 167 155 1
163 165 155 1
168 169 160 1
167 165 163 1
165 169 160 1
172 170 166 1
167 168 158 1
165 167 155 1
173 172 163 1
172 173 168 1
170 171 164 1
172 176 163 1
172 170 166 1
170 172 162 1
170 171 164 1
170 170 161 1
163 166 160 1
176 177 168 1
172 176 165 1
171 173 161 1
175 179 171 1
175 175 171 1
171 174 168 1
175 173 169 1
167 171 163 1
167 168 158 1
177 177 168 1
172 174 164 1
171 172 165 1
178 180 168 1
172 174 166 1
172 174 162 1
172 176 165 1
172 171 162 1
166 165 156 1
177 179 169 1
172 174 166 1
172 170 164 1
179 181 169 1
176 175 171 1
172 174 164 1
172 176 165 1
172 174 166 1
167 168 160 1
175 176 169 1
173 177 165 1
170 171 164 1
180 177 171 1
175 175 171 1
175 174 167 1
175 177 165 1
168 174 163 1
167 168 158 1
177 177 175 1
174 175 165 1
172 174 166 1
180 179 172 1
175 176 167 1
174 173 164 1
175 177 165 1
168 174 163 1
167 168 158 1
177 177 175 1
174 175 165 1
172 174 166 1
180 179 172 1
175 176 167 1
174 173 164 1
175 177 165 1
168 174 163 1
167 168 158 1
177 177 175 1
174 175 165 1
172 174 166 1
180 179 172 1
175 176 167 1
174 173 164 1
175 177 165 1
168 174 163 1
167 168 158 1
177 177 175 1
174 175 165 1
172 174 166 1
180 179 172 1
175 176 167 1
174 173 164 1
175 177 165 1
168 174 163 1
167 168 158 1
177 177 175 1
174 175 165 1
172 174 166 1
180 179 172 1
175 176 167 1
174 173 164 1
175 177 165 1
168 174 163 1
167 168 158 1
177 177 175 1
174 175 165 1
172 174 166 1
180 179 172 1
175 176 167 1
174 173 164 1
175 177 165 1
168 174 163 1
167 168 158 1
177 177 175 1
174 175 165 1
172 174 166 1
180 179 172 1
175 176 167 1
174 173 164 1
175 177 165 1
168 174 163 1
167 168 158 1
177 177 175 1
174 175 165 1
172 174 166 1
180 179 172 1
175 176 167 1
174 173 164 1
