124 109 43 1
118 114 45 1
118 113 49 1
124 114 51 1
131 116 50 1
134 120 54 1
133 119 49 1
137 118 54 1
138 125 49 1
136 124 44 1
140 126 56 1
143 124 60 1
146 124 52 1
150 132 59 1
152 134 65 1
152 135 61 1
165 129 57 1
159 137 64 1
159 137 64 1
153 140 64 1
164 141 69 1
161 140 63 1
160 142 73 1
160 141 77 1
158 140 71 1
162 144 70 1
164 146 73 1
162 144 70 1
165 148 74 1
171 148 76 1
171 147 80 1
158 139 75 1
161 138 71 1
166 135 75 1
161 148 73 1
164 146 73 1
165 142 70 1
167 151 72 1
167 151 72 1
165 148 74 1
160 141 77 1
156 136 77 1
148 128 68 1
158 145 74 1
155 141 75 1
150 132 63 1
164 151 80 1
158 144 78 1
152 133 69 1
156 134 87 1
139 135 77 1
137 124 74 1
152 141 79 1
146 134 79 1
143 127 73 1
158 143 82 1
151 135 81 1
147 125 73 1
158 136 89 1
149 138 85 1
146 129 80 1
161 144 91 1
155 138 89 1
149 132 83 1
159 147 92 1
152 140 89 1
149 132 83 1
161 144 91 1
157 140 91 1
149 131 87 1
162 147 86 1
157 141 87 1
153 136 83 1
163 152 97 1
158 141 93 1
154 138 84 1
167 150 101 1
155 144 88 1
152 139 93 1
168 151 98 1
161 150 94 1
158 142 88 1
171 154 105 1
167 150 101 1
161 144 91 1
167 153 99 1
162 145 96 1
162 140 93 1
167 155 100 1
163 152 97 1
163 147 93 1
170 160 98 1
169 158 102 1
164 148 94 1
168 151 98 1
167 146 94 1
164 143 91 1
171 157 91 1
168 153 88 1
164 149 88 1
181 159 96 1
171 156 95 1
168 153 92 1
165 148 85 1
167 148 86 1
166 149 86 1
171 151 80 1
171 154 87 1
171 150 85 1
172 155 88 1
171 152 97 1
175 160 85 1
168 151 89 1
173 151 86 1
168 152 85 1
171 151 83 1
171 159 90 1
172 159 86 1
172 159 86 1
181 160 90 1
178 162 90 1
166 151 76 1
163 151 82 1
171 151 80 1
174 153 83 1
172 156 84 1
172 156 84 1
172 159 86 1
173 164 90 1
174 158 88 1
170 146 81 1
167 152 89 1
167 151 83 1
169 150 81 1
171 156 79 1
171 156 79 1
172 156 84 1
172 159 88 1
179 157 82 1
165 148 74 1
168 152 83 1
170 151 83 1
168 153 80 1
169 156 83 1
176 154 82 1
176 152 76 1
171 159 81 1
174 155 91 1
166 144 81 1
165 152 81 1
166 151 76 1
166 149 75 1
169 150 83 1
168 153 78 1
171 153 82 1
174 152 91 1
175 154 86 1
159 135 75 1
158 147 76 1
158 139 73 1
158 145 72 1
161 147 79 1
166 143 76 1
165 148 72 1
167 148 86 1
166 145 77 1
144 131 72 1
154 131 77 1
152 130 67 1
155 133 72 1
155 139 70 1
155 136 71 1
162 133 84 1
160 136 85 1
162 141 77 1
148 129 81 1
152 133 82 1
147 131 75 1
152 133 82 1
156 135 81 1
154 134 72 1
152 140 78 1
155 139 85 1
153 136 83 1
149 134 86 1
146 135 86 1
149 134 84 1
148 138 85 1
151 134 88 1
154 134 89 1
152 140 85 1
154 135 96 1
151 136 89 1
159 145 93 1
151 142 86 1
149 131 91 1
162 152 89 1
158 146 91 1
153 136 83 1
167 149 93 1
161 144 91 1
151 142 88 1
174 155 93 1
172 158 106 1
173 149 96 1
173 163 96 1
179 165 101 1
173 156 91 1
181 164 101 1
176 167 95 1
178 165 101 1
165 148 85 1
169 151 77 1
168 145 80 1
169 150 81 1
168 154 84 1
168 153 80 1
171 155 85 1
176 156 92 1
174 159 94 1
167 148 84 1
170 151 83 1
166 148 81 1
168 153 78 1
167 158 88 1
167 151 83 1
172 157 80 1
179 153 89 1
175 159 91 1
167 148 88 1
169 149 89 1
162 147 84 1
172 148 85 1
167 156 87 1
169 153 84 1
172 155 90 1
174 159 96 1
176 157 90 1
166 147 85 1
170 151 87 1
167 152 87 1
169 153 86 1
174 156 87 1
173 155 86 1
176 157 88 1
178 159 93 1
175 158 94 1
169 148 82 1
168 152 85 1
173 149 87 1
172 155 81 1
179 154 85 1
172 157 80 1
172 160 84 1
176 156 94 1
176 163 90 1
166 148 77 1
162 154 81 1
166 147 83 1
172 147 78 1
170 152 80 1
172 154 83 1
169 157 77 1
176 152 94 1
177 159 87 1
164 137 78 1
156 144 75 1
160 138 77 1
165 149 77 1
161 144 80 1
162 144 72 1
169 148 80 1
167 149 78 1
166 150 78 1
154 137 75 1
154 136 83 1
149 134 75 1
153 142 71 1
155 139 74 1
154 134 72 1
162 146 79 1
158 144 80 1
160 143 80 1
155 140 88 1
150 141 83 1
151 133 94 1
163 142 90 1
158 142 88 1
157 141 89 1
159 146 89 1
163 150 88 1
160 147 88 1
164 145 92 1
152 146 86 1
152 138 84 1
162 148 91 1
157 150 84 1
158 143 84 1
171 148 97 1
160 146 92 1
162 148 91 1
160 149 91 1
156 147 91 1
157 135 86 1
167 149 93 1
162 144 87 1
160 144 88 1
166 155 93 1
163 149 92 1
165 150 93 1
165 144 92 1
155 146 90 1
155 139 85 1
161 150 92 1
160 148 93 1
157 141 87 1
166 155 97 1
164 148 92 1
166 146 91 1
157 144 82 1
154 142 89 1
154 137 86 1
160 149 91 1
160 143 90 1
160 143 82 1
167 150 99 1
161 152 91 1
163 149 92 1
157 144 82 1
154 142 89 1
154 137 86 1
160 149 91 1
160 143 90 1
160 143 82 1
167 150 99 1
161 152 91 1
163 149 92 1
157 144 82 1
154 142 89 1
154 137 86 1
160 149 91 1
160 143 90 1
160 143 82 1
167 150 99 1
161 152 91 1
163 149 92 1
157 144 82 1
154 142 89 1
154 137 86 1
160 149 91 1
160 143 90 1
160 143 82 1
167 150 99 1
161 152 91 1
163 149 92 1
157 144 82 1
154 142 89 1
154 137 86 1
160 149 91 1
160 143 90 1
160 143 82 1
167 150 99 1
161 152 91 1
163 149 92 1
157 144 82 1
154 142 89 1
154 137 86 1
160 149 91 1
160 143 90 1
160 143 82 1
167 150 99 1
161 152 91 1
163 149 92 1
157 144 82 1
154 142 89 1
154 137 86 1
160 149 91 1
160 143 90 1
160 143 82 1
167 150 99 1
161 152 91 1
163 149 92 1
